image_width: 640
image_height: 480
camera_name: ocam
camera_matrix:
  rows: 3
  cols: 3
  data: [482.512164, 0.000000, 305.557202, 0.000000, 483.555373, 244.662216, 0.000000, 0.000000, 1.000000]
distortion_model: plumb_bob
distortion_coefficients:
  rows: 1
  cols: 5
  data: [-0.415606, 0.156283, 0.000466, 0.001789, 0.000000]
rectification_matrix:
  rows: 3
  cols: 3
  data: [1.000000, 0.000000, 0.000000, 0.000000, 1.000000, 0.000000, 0.000000, 0.000000, 1.000000]
projection_matrix:
  rows: 3
  cols: 4
  data: [377.825378, 0.000000, 300.678965, 0.000000, 0.000000, 427.543945, 246.292289, 0.000000, 0.000000, 0.000000, 1.000000, 0.000000]
